1	4	-1.5	-7.794	6	1	20	1	16	1	12	1	8	1	28	1	24
1	20	0	-10.392	6	1	4	1	16	1	24	5	38	5	42	6	44
1	16	-3	-10.392	6	1	4	1	20	1	12	6	50	6	40	6	44
1	12	-4.5	-7.794	6	1	4	1	16	1	8	1	22	6	46	6	50
1	8	-3	-5.196	6	1	4	1	12	1	28	1	22	1	26	1	32
1	28	-0	-5.196	6	1	4	1	8	1	24	1	52	1	32	4	14
1	24	1.5	-7.795	6	1	4	1	20	1	28	4	18	4	14	5	42
1	6	-7.5	-2.598	6	1	22	1	18	1	14	1	10	1	30	1	26
1	22	-6	-5.196	6	1	12	1	8	1	6	1	18	1	26	6	46
1	18	-9	-5.196	6	1	6	1	22	1	14	6	42	6	46	7	48
1	14	-10.5	-2.598	6	1	6	1	18	1	10	7	44	7	48	8	20
1	10	-9	0	6	1	6	1	14	1	30	1	34	8	20	8	24
1	30	-6	0	6	1	6	1	10	1	26	1	54	1	34	1	36
1	26	-4.5	-2.598	6	1	8	1	6	1	22	1	30	1	32	1	36
1	58	-6	5.196	6	1	54	1	34	1	38	1	42	1	46	1	50
1	54	-4.5	2.599	6	1	30	1	58	1	34	1	50	1	36	1	40
1	34	-7.5	2.598	6	1	10	1	30	1	58	1	54	1	38	8	24
1	38	-9	5.196	6	1	58	1	34	1	42	8	28	8	24	8	52
1	42	-7.5	7.794	6	1	58	1	38	1	46	2	18	8	52	8	48
1	46	-4.5	7.794	6	1	58	1	42	1	50	2	12	2	22	2	18
1	50	-3	5.196	6	1	58	1	54	1	46	1	40	2	16	2	12
1	56	0	0	6	1	52	1	32	1	36	1	40	1	44	1	48
1	52	1.5	-2.598	6	1	28	1	56	1	32	1	48	4	14	4	10
1	32	-1.5	-2.598	6	1	8	1	28	1	26	1	56	1	52	1	36
1	36	-3	-0	6	1	30	1	26	1	54	1	56	1	32	1	40
1	40	-1.5	2.598	6	1	54	1	50	1	56	1	36	1	44	2	16
1	44	1.5	2.598	6	1	56	1	40	1	48	2	20	2	16	4	38
1	48	3	0	6	1	56	1	52	1	44	4	10	4	34	4	38
2	4	1.5	7.794	6	2	20	2	16	2	12	2	8	2	28	2	24
2	20	3	5.196	6	1	44	2	4	2	16	2	24	4	38	4	42
2	16	0	5.196	6	1	50	1	40	1	44	2	4	2	20	2	12
2	12	-1.5	7.795	6	1	46	1	50	2	4	2	16	2	8	2	22
2	8	-0	10.392	6	2	4	2	12	2	28	2	22	2	26	2	32
2	28	3	10.392	6	2	4	2	8	2	24	2	52	2	32	3	14
2	24	4.5	7.794	6	2	4	2	20	2	28	3	18	3	14	4	42
2	6	-4.5	12.99	6	2	22	2	18	2	14	2	10	2	30	2	26
2	22	-3	10.392	6	1	46	2	12	2	8	2	6	2	18	2	26
2	18	-6	10.392	6	1	42	1	46	2	6	2	22	2	14	8	48
2	14	-7.5	12.991	6	2	6	2	18	2	10	8	44	8	48	9	20
2	10	-6	15.589	6	2	6	2	14	2	30	2	34	9	20	9	24
2	30	-3	15.588	6	2	6	2	10	2	26	2	54	2	34	2	36
2	26	-1.5	12.99	6	2	8	2	6	2	22	2	30	2	32	2	36
2	58	-3	20.785	6	2	54	2	34	2	38	2	42	2	46	2	50
2	54	-1.5	18.186	6	2	30	2	58	2	34	2	50	2	36	2	40
2	34	-4.5	18.187	6	2	10	2	30	2	58	2	54	2	38	9	24
2	38	-6	20.785	6	2	58	2	34	2	42	9	28	9	24	9	52
2	42	-4.5	23.382	6	2	58	2	38	2	46	9	52	9	48	20	16
2	46	-1.5	23.383	6	2	58	2	42	2	50	18	16	20	20	20	16
2	50	-0	20.785	6	2	58	2	54	2	46	2	40	18	20	18	16
2	56	3	15.589	6	2	52	2	32	2	36	2	40	2	44	2	48
2	52	4.5	12.991	6	2	28	2	56	2	32	2	48	3	14	3	10
2	32	1.5	12.99	6	2	8	2	28	2	26	2	56	2	52	2	36
2	36	0	15.589	6	2	30	2	26	2	54	2	56	2	32	2	40
2	40	1.5	18.186	6	2	54	2	50	2	56	2	36	2	44	18	20
2	44	4.5	18.186	6	2	56	2	40	2	48	3	38	18	24	18	20
2	48	6	15.589	6	2	56	2	52	2	44	3	10	3	34	3	38
3	4	15	5.196	6	3	20	3	16	3	12	3	8	3	28	3	24
3	20	16.5	2.598	6	3	4	3	16	3	24	4	44	12	14	12	10
3	16	13.5	2.598	6	3	4	3	20	3	12	4	50	4	40	4	44
3	12	12	5.196	6	3	4	3	16	3	8	3	22	4	46	4	50
3	8	13.5	7.794	6	3	4	3	12	3	28	3	22	3	26	3	32
3	28	16.5	7.794	6	3	4	3	8	3	24	3	52	3	32	12	38
3	24	18	5.197	6	3	4	3	20	3	28	12	10	12	34	12	38
3	6	9	10.393	6	3	22	3	18	3	14	3	10	3	30	3	26
3	22	10.5	7.795	6	3	12	3	8	3	6	3	18	3	26	4	46
3	18	7.5	7.794	6	2	24	3	6	3	22	3	14	4	42	4	46
3	14	6	10.392	6	2	28	2	24	2	52	3	6	3	18	3	10
3	10	7.5	12.99	6	2	52	2	48	3	6	3	14	3	30	3	34
3	30	10.5	12.99	6	3	6	3	10	3	26	3	54	3	34	3	36
3	26	12	10.393	6	3	8	3	6	3	22	3	30	3	32	3	36
3	58	10.5	18.186	6	3	54	3	34	3	38	3	42	3	46	3	50
3	54	12	15.589	6	3	30	3	58	3	34	3	50	3	36	3	40
3	34	9	15.588	6	2	48	3	10	3	30	3	58	3	54	3	38
3	38	7.5	18.187	6	2	44	2	48	3	58	3	34	3	42	18	24
3	42	9	20.785	6	3	58	3	38	3	46	18	52	18	28	18	24
3	46	12	20.784	6	3	58	3	42	3	50	10	14	18	48	18	52
3	50	13.5	18.187	6	3	58	3	54	3	46	3	40	10	18	10	14
3	56	16.5	12.99	6	3	52	3	32	3	36	3	40	3	44	3	48
3	52	18	10.392	6	3	28	3	56	3	32	3	48	12	38	12	42
3	32	15	10.392	6	3	8	3	28	3	26	3	56	3	52	3	36
3	36	13.5	12.99	6	3	30	3	26	3	54	3	56	3	32	3	40
3	40	15	15.589	6	3	54	3	50	3	56	3	36	3	44	10	18
3	44	18	15.588	6	3	56	3	40	3	48	10	0	10	22	10	18
3	48	19.5	12.99	6	3	56	3	52	3	44	10	16	10	0	12	42
4	4	12	-10.392	6	4	20	4	16	4	12	4	8	4	28	4	24
4	20	13.5	-12.99	6	4	4	4	16	4	24	5	44	13	14	13	10
4	16	10.5	-12.991	6	4	4	4	20	4	12	5	50	5	40	5	44
4	12	9	-10.392	6	4	4	4	16	4	8	4	22	5	46	5	50
4	8	10.5	-7.795	6	4	4	4	12	4	28	4	22	4	26	4	32
4	28	13.5	-7.795	6	4	4	4	8	4	24	4	52	4	32	13	38
4	24	15	-10.392	6	4	4	4	20	4	28	13	10	13	34	13	38
4	6	6	-5.196	6	4	22	4	18	4	14	4	10	4	30	4	26
4	22	7.5	-7.794	6	4	12	4	8	4	6	4	18	4	26	5	46
4	18	4.5	-7.794	6	1	24	4	6	4	22	4	14	5	42	5	46
4	14	3	-5.196	6	1	28	1	24	1	52	4	6	4	18	4	10
4	10	4.5	-2.599	6	1	52	1	48	4	6	4	14	4	30	4	34
4	30	7.5	-2.598	6	4	6	4	10	4	26	4	54	4	34	4	36
4	26	9	-5.196	6	4	8	4	6	4	22	4	30	4	32	4	36
4	58	7.5	2.598	6	4	54	4	34	4	38	4	42	4	46	4	50
4	54	9	-0	6	4	30	4	58	4	34	4	50	4	36	4	40
4	34	6	-0	6	1	48	4	10	4	30	4	58	4	54	4	38
4	38	4.5	2.598	6	1	44	1	48	2	20	4	58	4	34	4	42
4	42	6	5.196	6	2	20	2	24	3	18	4	58	4	38	4	46
4	46	9	5.196	6	3	12	3	22	3	18	4	58	4	42	4	50
4	50	10.5	2.598	6	3	16	3	12	4	58	4	54	4	46	4	40
4	56	13.5	-2.597	6	4	52	4	32	4	36	4	40	4	44	4	48
4	52	15	-5.196	6	4	28	4	56	4	32	4	48	13	38	13	42
4	32	12	-5.197	6	4	8	4	28	4	26	4	56	4	52	4	36
4	36	10.5	-2.598	6	4	30	4	26	4	54	4	56	4	32	4	40
4	40	12	-0	6	3	16	4	54	4	50	4	56	4	36	4	44
4	44	15	0	6	3	20	3	16	4	56	4	40	4	48	12	14
4	48	16.5	-2.598	6	4	56	4	52	4	44	12	18	12	14	13	42
5	4	9	-25.981	6	5	20	5	16	5	12	5	8	5	28	5	24
5	20	10.5	-28.578	6	5	4	5	16	5	24	21	14	21	10	22	44
5	16	7.5	-28.579	6	5	4	5	20	5	12	22	50	22	40	22	44
5	12	6	-25.98	6	5	4	5	16	5	8	5	22	22	46	22	50
5	8	7.5	-23.382	6	5	4	5	12	5	28	5	22	5	26	5	32
5	28	10.5	-23.383	6	5	4	5	8	5	24	5	52	5	32	21	38
5	24	12	-25.981	6	5	4	5	20	5	28	21	10	21	34	21	38
5	6	3	-20.785	6	5	22	5	18	5	14	5	10	5	30	5	26
5	22	4.5	-23.382	6	5	12	5	8	5	6	5	18	5	26	22	46
5	18	1.5	-23.383	6	5	6	5	22	5	14	6	24	22	42	22	46
5	14	0	-20.785	6	5	6	5	18	5	10	6	28	6	24	6	52
5	10	1.5	-18.186	6	5	6	5	14	5	30	5	34	6	52	6	48
5	30	4.5	-18.187	6	5	6	5	10	5	26	5	54	5	34	5	36
5	26	6	-20.785	6	5	8	5	6	5	22	5	30	5	32	5	36
5	58	4.5	-12.99	6	5	54	5	34	5	38	5	42	5	46	5	50
5	54	6	-15.589	6	5	30	5	58	5	34	5	50	5	36	5	40
5	34	3	-15.588	6	5	10	5	30	5	58	5	54	5	38	6	48
5	38	1.5	-12.99	6	1	20	5	58	5	34	5	42	6	44	6	48
5	42	3	-10.392	6	1	20	1	24	4	18	5	58	5	38	5	46
5	46	6	-10.392	6	4	12	4	22	4	18	5	58	5	42	5	50
5	50	7.5	-12.991	6	4	16	4	12	5	58	5	54	5	46	5	40
5	56	10.5	-18.186	6	5	52	5	32	5	36	5	40	5	44	5	48
5	52	12	-20.785	6	5	28	5	56	5	32	5	48	21	38	21	42
5	32	9	-20.784	6	5	8	5	28	5	26	5	56	5	52	5	36
5	36	7.5	-18.186	6	5	30	5	26	5	54	5	56	5	32	5	40
5	40	9	-15.588	6	4	16	5	54	5	50	5	56	5	36	5	44
5	44	12	-15.588	6	4	20	4	16	5	56	5	40	5	48	13	14
5	48	13.5	-18.187	6	5	56	5	52	5	44	13	18	13	14	21	42
6	4	-4.5	-23.383	6	6	20	6	16	6	12	6	8	6	28	6	24
6	20	-3	-25.981	6	6	4	6	16	6	24	14	44	22	38	22	42
6	16	-6	-25.98	6	6	4	6	20	6	12	14	50	14	40	14	44
6	12	-7.5	-23.383	6	6	4	6	16	6	8	6	22	14	46	14	50
6	8	-6	-20.785	6	6	4	6	12	6	28	6	22	6	26	6	32
6	28	-3	-20.784	6	5	14	6	4	6	8	6	24	6	52	6	32
6	24	-1.5	-23.383	6	5	18	5	14	6	4	6	20	6	28	22	42
6	6	-10.5	-18.186	6	6	22	6	18	6	14	6	10	6	30	6	26
6	22	-9	-20.785	6	6	12	6	8	6	6	6	18	6	26	14	46
6	18	-12	-20.784	6	6	6	6	22	6	14	14	42	14	46	15	48
6	14	-13.5	-18.187	6	6	6	6	18	6	10	7	20	15	44	15	48
6	10	-12	-15.589	6	6	6	6	14	6	30	6	34	7	20	7	24
6	30	-9	-15.588	6	6	6	6	10	6	26	6	54	6	34	6	36
6	26	-7.5	-18.187	6	6	8	6	6	6	22	6	30	6	32	6	36
6	58	-9	-10.393	6	6	54	6	34	6	38	6	42	6	46	6	50
6	54	-7.5	-12.99	6	6	30	6	58	6	34	6	50	6	36	6	40
6	34	-10.5	-12.99	6	6	10	6	30	6	58	6	54	6	38	7	24
6	38	-12	-10.393	6	6	58	6	34	6	42	7	28	7	24	7	52
6	42	-10.5	-7.795	6	1	18	6	58	6	38	6	46	7	52	7	48
6	46	-7.5	-7.794	6	1	12	1	22	1	18	6	58	6	42	6	50
6	50	-6	-10.392	6	1	16	1	12	6	58	6	54	6	46	6	40
6	56	-3	-15.589	6	6	52	6	32	6	36	6	40	6	44	6	48
6	52	-1.5	-18.186	6	5	14	5	10	6	28	6	56	6	32	6	48
6	32	-4.5	-18.186	6	6	8	6	28	6	26	6	56	6	52	6	36
6	36	-6	-15.589	6	6	30	6	26	6	54	6	56	6	32	6	40
6	40	-4.5	-12.991	6	1	16	6	54	6	50	6	56	6	36	6	44
6	44	-1.5	-12.99	6	1	20	1	16	5	38	6	56	6	40	6	48
6	48	-0	-15.589	6	5	10	5	34	5	38	6	56	6	52	6	44
7	4	-16.5	-12.99	6	7	20	7	16	7	12	7	8	7	28	7	24
7	20	-15	-15.589	6	6	14	6	10	7	4	7	16	7	24	15	44
7	16	-18	-15.588	6	7	4	7	20	7	12	15	50	15	40	15	44
7	12	-19.5	-12.99	6	7	4	7	16	7	8	7	22	15	46	15	50
7	8	-18	-10.392	6	7	4	7	12	7	28	7	22	7	26	7	32
7	28	-15	-10.392	6	6	38	7	4	7	8	7	24	7	52	7	32
7	24	-13.5	-12.99	6	6	10	6	34	6	38	7	4	7	20	7	28
7	6	-22.5	-7.794	6	7	22	7	18	7	14	7	10	7	30	7	26
7	22	-21	-10.393	6	7	12	7	8	7	6	7	18	7	26	15	46
7	18	-24	-10.392	6	7	6	7	22	7	14	15	42	15	46	16	48
7	14	-25.5	-7.794	6	7	6	7	18	7	10	16	44	16	48	17	20
7	10	-24	-5.196	6	7	6	7	14	7	30	7	34	17	20	17	24
7	30	-21	-5.196	6	7	6	7	10	7	26	7	54	7	34	7	36
7	26	-19.5	-7.794	6	7	8	7	6	7	22	7	30	7	32	7	36
7	58	-21	0	6	7	54	7	34	7	38	7	42	7	46	7	50
7	54	-19.5	-2.598	6	7	30	7	58	7	34	7	50	7	36	7	40
7	34	-22.5	-2.598	6	7	10	7	30	7	58	7	54	7	38	17	24
7	38	-24	0	6	7	58	7	34	7	42	17	28	17	24	17	52
7	42	-22.5	2.598	6	7	58	7	38	7	46	8	18	17	52	17	48
7	46	-19.5	2.598	6	7	58	7	42	7	50	8	12	8	22	8	18
7	50	-18	0	6	7	58	7	54	7	46	7	40	8	16	8	12
7	56	-15	-5.196	6	7	52	7	32	7	36	7	40	7	44	7	48
7	52	-13.5	-7.794	6	6	38	6	42	7	28	7	56	7	32	7	48
7	32	-16.5	-7.794	6	7	8	7	28	7	26	7	56	7	52	7	36
7	36	-18	-5.197	6	7	30	7	26	7	54	7	56	7	32	7	40
7	40	-16.5	-2.598	6	7	54	7	50	7	56	7	36	7	44	8	16
7	44	-13.5	-2.598	6	1	14	7	56	7	40	7	48	8	20	8	16
7	48	-12	-5.196	6	1	18	1	14	6	42	7	56	7	52	7	44
8	4	-13.5	2.597	6	8	20	8	16	8	12	8	8	8	28	8	24
8	20	-12	0	6	1	14	1	10	7	44	8	4	8	16	8	24
8	16	-15	-0	6	7	50	7	40	7	44	8	4	8	20	8	12
8	12	-16.5	2.598	6	7	46	7	50	8	4	8	16	8	8	8	22
8	8	-15	5.196	6	8	4	8	12	8	28	8	22	8	26	8	32
8	28	-12	5.197	6	1	38	8	4	8	8	8	24	8	52	8	32
8	24	-10.5	2.598	6	1	10	1	34	1	38	8	4	8	20	8	28
8	6	-19.5	7.794	6	8	22	8	18	8	14	8	10	8	30	8	26
8	22	-18	5.196	6	7	46	8	12	8	8	8	6	8	18	8	26
8	18	-21	5.196	6	7	42	7	46	8	6	8	22	8	14	17	48
8	14	-22.5	7.794	6	8	6	8	18	8	10	17	44	17	48	19	20
8	10	-21	10.392	6	8	6	8	14	8	30	8	34	19	20	19	24
8	30	-18	10.392	6	8	6	8	10	8	26	8	54	8	34	8	36
8	26	-16.5	7.794	6	8	8	8	6	8	22	8	30	8	32	8	36
8	58	-18	15.588	6	8	54	8	34	8	38	8	42	8	46	8	50
8	54	-16.5	12.991	6	8	30	8	58	8	34	8	50	8	36	8	40
8	34	-19.5	12.991	6	8	10	8	30	8	58	8	54	8	38	19	24
8	38	-21	15.588	6	8	58	8	34	8	42	19	28	19	24	19	52
8	42	-19.5	18.186	6	8	58	8	38	8	46	9	18	19	52	19	48
8	46	-16.5	18.187	6	8	58	8	42	8	50	9	12	9	22	9	18
8	50	-15	15.589	6	8	58	8	54	8	46	8	40	9	16	9	12
8	56	-12	10.392	6	8	52	8	32	8	36	8	40	8	44	8	48
8	52	-10.5	7.795	6	1	38	1	42	8	28	8	56	8	32	8	48
8	32	-13.5	7.795	6	8	8	8	28	8	26	8	56	8	52	8	36
8	36	-15	10.392	6	8	30	8	26	8	54	8	56	8	32	8	40
8	40	-13.5	12.99	6	8	54	8	50	8	56	8	36	8	44	9	16
8	44	-10.5	12.991	6	2	14	8	56	8	40	8	48	9	20	9	16
8	48	-9	10.392	6	1	42	2	18	2	14	8	56	8	52	8	44
9	4	-10.5	18.186	6	9	20	9	16	9	12	9	8	9	28	9	24
9	20	-9	15.588	6	2	14	2	10	8	44	9	4	9	16	9	24
9	16	-12	15.588	6	8	50	8	40	8	44	9	4	9	20	9	12
9	12	-13.5	18.187	6	8	46	8	50	9	4	9	16	9	8	9	22
9	8	-12	20.785	6	9	4	9	12	9	28	9	22	9	26	9	32
9	28	-9	20.784	6	2	38	9	4	9	8	9	24	9	52	9	32
9	24	-7.5	18.186	6	2	10	2	34	2	38	9	4	9	20	9	28
9	6	-16.5	23.382	6	9	22	9	18	9	14	9	10	9	30	9	26
9	22	-15	20.785	6	8	46	9	12	9	8	9	6	9	18	9	26
9	18	-18	20.785	6	8	42	8	46	9	6	9	22	9	14	19	48
9	14	-19.5	23.383	5	9	6	9	18	9	10	19	44	19	48	-1	-1
9	10	-18	25.981	4	9	6	9	14	9	30	9	34	-1	-1	-1	-1
9	30	-15	25.981	6	9	6	9	10	9	26	9	54	9	34	9	36
9	26	-13.5	23.383	6	9	8	9	6	9	22	9	30	9	32	9	36
9	58	-15	31.177	6	9	54	9	34	9	38	9	42	9	46	9	50
9	54	-13.5	28.578	6	9	30	9	58	9	34	9	50	9	36	9	40
9	34	-16.5	28.579	5	9	10	9	30	9	58	9	54	9	38	-1	-1
9	38	-18	31.177	3	9	58	9	34	9	42	-1	-1	-1	-1	-1	-1
9	42	-16.5	33.775	3	9	58	9	38	9	46	-1	-1	-1	-1	-1	-1
9	46	-13.5	33.775	4	9	58	9	42	9	50	20	14	-1	-1	-1	-1
9	50	-12	31.177	6	9	58	9	54	9	46	9	40	20	18	20	14
9	56	-9	25.981	6	9	52	9	32	9	36	9	40	9	44	9	48
9	52	-7.5	23.382	6	2	38	2	42	9	28	9	56	9	32	9	48
9	32	-10.5	23.383	6	9	8	9	28	9	26	9	56	9	52	9	36
9	36	-12	25.981	6	9	30	9	26	9	54	9	56	9	32	9	40
9	40	-10.5	28.578	6	9	54	9	50	9	56	9	36	9	44	20	18
9	44	-7.5	28.579	6	9	56	9	40	9	48	20	12	20	22	20	18
9	48	-6	25.98	6	2	42	9	56	9	52	9	44	20	16	20	12
10	4	24	15.588	6	10	20	10	16	10	0	10	8	10	28	10	24
10	20	25.5	12.991	6	10	4	10	16	10	24	11	14	11	10	12	46
10	16	22.5	12.99	6	3	48	10	4	10	20	10	0	12	42	12	46
10	0	21	15.588	6	3	44	3	48	10	4	10	16	10	8	10	22
10	8	22.5	18.187	6	10	4	10	0	10	28	10	22	10	26	10	32
10	28	25.5	18.187	6	10	4	10	8	10	24	10	52	10	32	11	38
10	24	27	15.589	6	10	4	10	20	10	28	11	10	11	34	11	38
10	6	18	20.785	6	10	22	10	18	10	14	10	10	10	30	10	26
10	22	19.5	18.187	6	3	44	10	0	10	8	10	6	10	18	10	26
10	18	16.5	18.187	6	3	50	3	40	3	44	10	6	10	22	10	14
10	14	15	20.784	6	3	46	3	50	10	6	10	18	10	10	18	48
10	10	16.5	23.383	6	10	6	10	14	10	30	10	34	18	44	18	48
10	30	19.5	23.383	6	10	6	10	10	10	26	10	54	10	34	10	36
10	26	21	20.785	6	10	8	10	6	10	22	10	30	10	32	10	36
10	58	19.5	28.579	6	10	54	10	34	10	38	10	42	10	46	10	50
10	54	21	25.981	6	10	30	10	58	10	34	10	50	10	36	10	40
10	34	18	25.98	6	10	10	10	30	10	58	10	54	10	38	18	44
10	38	16.5	28.579	6	10	58	10	34	10	42	18	50	18	40	18	44
10	42	18	31.177	5	10	58	10	38	10	46	18	46	18	50	-1	-1
10	46	21	31.177	3	10	58	10	42	10	50	-1	-1	-1	-1	-1	-1
10	50	22.5	28.579	4	10	58	10	54	10	46	10	40	-1	-1	-1	-1
10	56	25.5	23.382	6	10	52	10	32	10	36	10	40	10	44	10	48
10	52	27	20.784	6	10	28	10	56	10	32	10	48	11	38	11	42
10	32	24	20.784	6	10	8	10	28	10	26	10	56	10	52	10	36
10	36	22.5	23.383	6	10	30	10	26	10	54	10	56	10	32	10	40
10	40	24	25.981	5	10	54	10	50	10	56	10	36	10	44	-1	-1
10	44	27	25.981	3	10	56	10	40	10	48	-1	-1	-1	-1	-1	-1
10	48	28.5	23.383	4	10	56	10	52	10	44	11	42	-1	-1	-1	-1
11	4	36	5.196	6	11	20	11	16	11	12	11	8	11	28	11	24
11	20	37.5	2.598	3	11	4	11	16	11	24	-1	-1	-1	-1	-1	-1
11	16	34.5	2.598	4	11	4	11	20	11	12	12	48	-1	-1	-1	-1
11	12	33	5.196	6	11	4	11	16	11	8	11	22	12	44	12	48
11	8	34.5	7.794	6	11	4	11	12	11	28	11	22	11	26	11	32
11	28	37.5	7.794	5	11	4	11	8	11	24	11	52	11	32	-1	-1
11	24	39	5.196	3	11	4	11	20	11	28	-1	-1	-1	-1	-1	-1
11	6	30	10.392	6	11	22	11	18	11	14	11	10	11	30	11	26
11	22	31.5	7.794	6	11	12	11	8	11	6	11	18	11	26	12	44
11	18	28.5	7.794	6	11	6	11	22	11	14	12	50	12	40	12	44
11	14	27	10.392	6	10	20	11	6	11	18	11	10	12	46	12	50
11	10	28.5	12.99	6	10	20	10	24	11	6	11	14	11	30	11	34
11	30	31.5	12.991	6	11	6	11	10	11	26	11	54	11	34	11	36
11	26	33	10.393	6	11	8	11	6	11	22	11	30	11	32	11	36
11	58	31.5	18.186	6	11	54	11	34	11	38	11	42	11	46	11	50
11	54	33	15.588	6	11	30	11	58	11	34	11	50	11	36	11	40
11	34	30	15.588	6	10	24	11	10	11	30	11	58	11	54	11	38
11	38	28.5	18.187	6	10	28	10	24	10	52	11	58	11	34	11	42
11	42	30	20.785	5	10	52	10	48	11	58	11	38	11	46	-1	-1
11	46	33	20.785	3	11	58	11	42	11	50	-1	-1	-1	-1	-1	-1
11	50	34.5	18.187	4	11	58	11	54	11	46	11	40	-1	-1	-1	-1
11	56	37.5	12.99	6	11	52	11	32	11	36	11	40	11	44	11	48
11	52	39	10.392	4	11	28	11	56	11	32	11	48	-1	-1	-1	-1
11	32	36	10.392	6	11	8	11	28	11	26	11	56	11	52	11	36
11	36	34.5	12.991	6	11	30	11	26	11	54	11	56	11	32	11	40
11	40	36	15.588	5	11	54	11	50	11	56	11	36	11	44	-1	-1
11	44	39	15.588	3	11	56	11	40	11	48	-1	-1	-1	-1	-1	-1
11	48	40.5	12.99	3	11	56	11	52	11	44	-1	-1	-1	-1	-1	-1
12	4	27	-5.196	6	12	20	12	16	12	12	12	8	12	28	12	24
12	20	28.5	-7.794	4	12	4	12	16	12	24	13	44	-1	-1	-1	-1
12	16	25.5	-7.794	6	12	4	12	20	12	12	13	50	13	40	13	44
12	12	24	-5.197	6	12	4	12	16	12	8	12	22	13	46	13	50
12	8	25.5	-2.598	6	12	4	12	12	12	28	12	22	12	26	12	32
12	28	28.5	-2.598	5	12	4	12	8	12	24	12	52	12	32	-1	-1
12	24	30	-5.196	3	12	4	12	20	12	28	-1	-1	-1	-1	-1	-1
12	6	21	-0	6	12	22	12	18	12	14	12	10	12	30	12	26
12	22	22.5	-2.598	6	12	12	12	8	12	6	12	18	12	26	13	46
12	18	19.5	-2.598	6	4	48	12	6	12	22	12	14	13	42	13	46
12	14	18	-0	6	3	20	4	44	4	48	12	6	12	18	12	10
12	10	19.5	2.598	6	3	20	3	24	12	6	12	14	12	30	12	34
12	30	22.5	2.598	6	12	6	12	10	12	26	12	54	12	34	12	36
12	26	24	-0	6	12	8	12	6	12	22	12	30	12	32	12	36
12	58	22.5	7.794	6	12	54	12	34	12	38	12	42	12	46	12	50
12	54	24	5.196	6	12	30	12	58	12	34	12	50	12	36	12	40
12	34	21	5.196	6	3	24	12	10	12	30	12	58	12	54	12	38
12	38	19.5	7.794	6	3	28	3	24	3	52	12	58	12	34	12	42
12	42	21	10.393	6	3	52	3	48	10	16	12	58	12	38	12	46
12	46	24	10.392	6	10	20	10	16	11	14	12	58	12	42	12	50
12	50	25.5	7.794	6	11	18	11	14	12	58	12	54	12	46	12	40
12	56	28.5	2.598	6	12	52	12	32	12	36	12	40	12	44	12	48
12	52	30	0	4	12	28	12	56	12	32	12	48	-1	-1	-1	-1
12	32	27	-0	6	12	8	12	28	12	26	12	56	12	52	12	36
12	36	25.5	2.598	6	12	30	12	26	12	54	12	56	12	32	12	40
12	40	27	5.196	6	11	18	12	54	12	50	12	56	12	36	12	44
12	44	30	5.197	6	11	12	11	22	11	18	12	56	12	40	12	48
12	48	31.5	2.598	5	11	16	11	12	12	56	12	52	12	44	-1	-1
13	4	24	-20.785	6	13	20	13	16	13	12	13	8	13	28	13	24
13	20	25.5	-23.383	4	13	4	13	16	13	24	21	44	-1	-1	-1	-1
13	16	22.5	-23.383	6	13	4	13	20	13	12	21	50	21	40	21	44
13	12	21	-20.785	6	13	4	13	16	13	8	13	22	21	46	21	50
13	8	22.5	-18.186	6	13	4	13	12	13	28	13	22	13	26	13	32
13	28	25.5	-18.187	5	13	4	13	8	13	24	13	52	13	32	-1	-1
13	24	27	-20.784	3	13	4	13	20	13	28	-1	-1	-1	-1	-1	-1
13	6	18	-15.588	6	13	22	13	18	13	14	13	10	13	30	13	26
13	22	19.5	-18.186	6	13	12	13	8	13	6	13	18	13	26	21	46
13	18	16.5	-18.187	6	5	48	13	6	13	22	13	14	21	42	21	46
13	14	15	-15.589	6	4	20	5	44	5	48	13	6	13	18	13	10
13	10	16.5	-12.991	6	4	20	4	24	13	6	13	14	13	30	13	34
13	30	19.5	-12.991	6	13	6	13	10	13	26	13	54	13	34	13	36
13	26	21	-15.588	6	13	8	13	6	13	22	13	30	13	32	13	36
13	58	19.5	-7.794	6	13	54	13	34	13	38	13	42	13	46	13	50
13	54	21	-10.392	6	13	30	13	58	13	34	13	50	13	36	13	40
13	34	18	-10.392	6	4	24	13	10	13	30	13	58	13	54	13	38
13	38	16.5	-7.794	6	4	28	4	24	4	52	13	58	13	34	13	42
13	42	18	-5.196	6	4	52	4	48	12	18	13	58	13	38	13	46
13	46	21	-5.196	6	12	12	12	22	12	18	13	58	13	42	13	50
13	50	22.5	-7.794	6	12	16	12	12	13	58	13	54	13	46	13	40
13	56	25.5	-12.99	6	13	52	13	32	13	36	13	40	13	44	13	48
13	52	27	-15.589	4	13	28	13	56	13	32	13	48	-1	-1	-1	-1
13	32	24	-15.588	6	13	8	13	28	13	26	13	56	13	52	13	36
13	36	22.5	-12.991	6	13	30	13	26	13	54	13	56	13	32	13	40
13	40	24	-10.392	6	12	16	13	54	13	50	13	56	13	36	13	44
13	44	27	-10.392	5	12	20	12	16	13	56	13	40	13	48	-1	-1
13	48	28.5	-12.99	3	13	56	13	52	13	44	-1	-1	-1	-1	-1	-1
14	4	-7.5	-38.971	6	14	20	14	16	14	12	14	8	14	28	14	24
14	20	-6	-41.57	3	14	4	14	16	14	24	-1	-1	-1	-1	-1	-1
14	16	-9	-41.569	3	14	4	14	20	14	12	-1	-1	-1	-1	-1	-1
14	12	-10.5	-38.971	4	14	4	14	16	14	8	14	2	-1	-1	-1	-1
14	8	-9	-36.373	6	14	4	14	12	14	28	14	2	14	26	14	32
14	28	-6	-36.373	6	14	4	14	8	14	24	14	52	14	32	22	14
14	24	-4.5	-38.971	5	14	4	14	20	14	28	22	18	22	14	-1	-1
14	6	-13.5	-33.775	6	14	2	14	18	14	14	14	10	14	30	14	26
14	2	-12	-36.374	5	14	12	14	8	14	6	14	18	14	26	-1	-1
14	18	-15	-36.373	3	14	6	14	2	14	14	-1	-1	-1	-1	-1	-1
14	14	-16.5	-33.775	4	14	6	14	18	14	10	15	20	-1	-1	-1	-1
14	10	-15	-31.177	6	14	6	14	14	14	30	14	34	15	20	15	24
14	30	-12	-31.177	6	14	6	14	10	14	26	14	54	14	34	14	36
14	26	-10.5	-33.775	6	14	8	14	6	14	2	14	30	14	32	14	36
14	58	-12	-25.981	6	14	54	14	34	14	38	14	42	14	46	14	50
14	54	-10.5	-28.579	6	14	30	14	58	14	34	14	50	14	36	14	40
14	34	-13.5	-28.579	6	14	10	14	30	14	58	14	54	14	38	15	24
14	38	-15	-25.981	6	14	58	14	34	14	42	15	28	15	24	15	52
14	42	-13.5	-23.382	6	6	18	14	58	14	38	14	46	15	52	15	48
14	46	-10.5	-23.383	6	6	12	6	22	6	18	14	58	14	42	14	50
14	50	-9	-25.981	6	6	16	6	12	14	58	14	54	14	46	14	40
14	56	-6	-31.177	6	14	52	14	32	14	36	14	40	14	44	14	48
14	52	-4.5	-33.775	6	14	28	14	56	14	32	14	48	22	14	22	10
14	32	-7.5	-33.775	6	14	8	14	28	14	26	14	56	14	52	14	36
14	36	-9	-31.176	6	14	30	14	26	14	54	14	56	14	32	14	40
14	40	-7.5	-28.579	6	6	16	14	54	14	50	14	56	14	36	14	44
14	44	-4.5	-28.579	6	6	20	6	16	14	56	14	40	14	48	22	38
14	48	-3	-31.177	6	14	56	14	52	14	44	22	10	22	34	22	38
15	4	-19.5	-28.579	6	15	20	15	16	15	12	15	8	15	28	15	24
15	20	-18	-31.177	5	14	14	14	10	15	4	15	16	15	24	-1	-1
15	16	-21	-31.177	3	15	4	15	20	15	12	-1	-1	-1	-1	-1	-1
15	12	-22.5	-28.579	4	15	4	15	16	15	8	15	22	-1	-1	-1	-1
15	8	-21	-25.981	6	15	4	15	12	15	28	15	22	15	26	15	32
15	28	-18	-25.98	6	14	38	15	4	15	8	15	24	15	52	15	32
15	24	-16.5	-28.579	6	14	10	14	34	14	38	15	4	15	20	15	28
15	6	-25.5	-23.382	6	15	22	15	18	15	14	15	10	15	30	15	26
15	22	-24	-25.981	5	15	12	15	8	15	6	15	18	15	26	-1	-1
15	18	-27	-25.981	3	15	6	15	22	15	14	-1	-1	-1	-1	-1	-1
15	14	-28.5	-23.383	4	15	6	15	18	15	10	16	20	-1	-1	-1	-1
15	10	-27	-20.784	6	15	6	15	14	15	30	15	34	16	20	16	24
15	30	-24	-20.784	6	15	6	15	10	15	26	15	54	15	34	15	36
15	26	-22.5	-23.383	6	15	8	15	6	15	22	15	30	15	32	15	36
15	58	-24	-15.588	6	15	54	15	34	15	38	15	42	15	46	15	50
15	54	-22.5	-18.187	6	15	30	15	58	15	34	15	50	15	36	15	40
15	34	-25.5	-18.187	6	15	10	15	30	15	58	15	54	15	38	16	24
15	38	-27	-15.589	6	15	58	15	34	15	42	16	28	16	24	16	52
15	42	-25.5	-12.991	6	7	18	15	58	15	38	15	46	16	52	16	48
15	46	-22.5	-12.99	6	7	12	7	22	7	18	15	58	15	42	15	50
15	50	-21	-15.588	6	7	16	7	12	15	58	15	54	15	46	15	40
15	56	-18	-20.785	6	15	52	15	32	15	36	15	40	15	44	15	48
15	52	-16.5	-23.383	6	14	38	14	42	15	28	15	56	15	32	15	48
15	32	-19.5	-23.383	6	15	8	15	28	15	26	15	56	15	52	15	36
15	36	-21	-20.785	6	15	30	15	26	15	54	15	56	15	32	15	40
15	40	-19.5	-18.186	6	7	16	15	54	15	50	15	56	15	36	15	44
15	44	-16.5	-18.187	6	6	14	7	20	7	16	15	56	15	40	15	48
15	48	-15	-20.784	6	6	18	6	14	14	42	15	56	15	52	15	44
16	4	-31.5	-18.186	6	16	20	16	16	16	12	16	8	16	28	16	24
16	20	-30	-20.785	5	15	14	15	10	16	4	16	16	16	24	-1	-1
16	16	-33	-20.785	3	16	4	16	20	16	12	-1	-1	-1	-1	-1	-1
16	12	-34.5	-18.187	4	16	4	16	16	16	8	16	22	-1	-1	-1	-1
16	8	-33	-15.588	6	16	4	16	12	16	28	16	22	16	26	16	32
16	28	-30	-15.588	6	15	38	16	4	16	8	16	24	16	52	16	32
16	24	-28.5	-18.187	6	15	10	15	34	15	38	16	4	16	20	16	28
16	6	-37.5	-12.99	6	16	22	16	18	16	14	16	10	16	30	16	26
16	22	-36	-15.588	5	16	12	16	8	16	6	16	18	16	26	-1	-1
16	18	-39	-15.588	3	16	6	16	22	16	14	-1	-1	-1	-1	-1	-1
16	14	-40.5	-12.99	3	16	6	16	18	16	10	-1	-1	-1	-1	-1	-1
16	10	-39	-10.392	4	16	6	16	14	16	30	16	34	-1	-1	-1	-1
16	30	-36	-10.392	6	16	6	16	10	16	26	16	54	16	34	16	36
16	26	-34.5	-12.991	6	16	8	16	6	16	22	16	30	16	32	16	36
16	58	-36	-5.196	6	16	54	16	34	16	38	16	42	16	46	16	50
16	54	-34.5	-7.794	6	16	30	16	58	16	34	16	50	16	36	16	40
16	34	-37.5	-7.794	5	16	10	16	30	16	58	16	54	16	38	-1	-1
16	38	-39	-5.196	3	16	58	16	34	16	42	-1	-1	-1	-1	-1	-1
16	42	-37.5	-2.598	4	16	58	16	38	16	46	17	18	-1	-1	-1	-1
16	46	-34.5	-2.598	6	16	58	16	42	16	50	17	12	17	2	17	18
16	50	-33	-5.196	6	16	58	16	54	16	46	16	40	17	16	17	12
16	56	-30	-10.392	6	16	52	16	32	16	36	16	40	16	44	16	48
16	52	-28.5	-12.99	6	15	38	15	42	16	28	16	56	16	32	16	48
16	32	-31.5	-12.991	6	16	8	16	28	16	26	16	56	16	52	16	36
16	36	-33	-10.393	6	16	30	16	26	16	54	16	56	16	32	16	40
16	40	-31.5	-7.794	6	16	54	16	50	16	56	16	36	16	44	17	16
16	44	-28.5	-7.794	6	7	14	16	56	16	40	16	48	17	20	17	16
16	48	-27	-10.392	6	7	18	7	14	15	42	16	56	16	52	16	44
17	4	-28.5	-2.598	6	17	20	17	16	17	12	17	8	17	28	17	24
17	20	-27	-5.196	6	7	14	7	10	16	44	17	4	17	16	17	24
17	16	-30	-5.197	6	16	50	16	40	16	44	17	4	17	20	17	12
17	12	-31.5	-2.598	6	16	46	16	50	17	4	17	16	17	8	17	2
17	8	-30	-0	6	17	4	17	12	17	28	17	2	17	26	17	32
17	28	-27	0	6	7	38	17	4	17	8	17	24	17	52	17	32
17	24	-25.5	-2.598	6	7	10	7	34	7	38	17	4	17	20	17	28
17	6	-34.5	2.598	6	17	2	17	18	17	14	17	10	17	30	17	26
17	2	-33	-0	6	16	46	17	12	17	8	17	6	17	18	17	26
17	18	-36	-0	5	16	42	16	46	17	6	17	2	17	14	-1	-1
17	14	-37.5	2.598	3	17	6	17	18	17	10	-1	-1	-1	-1	-1	-1
17	10	-36	5.196	4	17	6	17	14	17	30	17	34	-1	-1	-1	-1
17	30	-33	5.197	6	17	6	17	10	17	26	17	54	17	34	17	36
17	26	-31.5	2.598	6	17	8	17	6	17	2	17	30	17	32	17	36
17	58	-33	10.393	6	17	54	17	34	17	38	17	42	17	46	17	50
17	54	-31.5	7.794	6	17	30	17	58	17	34	17	50	17	36	17	40
17	34	-34.5	7.794	5	17	10	17	30	17	58	17	54	17	38	-1	-1
17	38	-36	10.392	3	17	58	17	34	17	42	-1	-1	-1	-1	-1	-1
17	42	-34.5	12.99	4	17	58	17	38	17	46	19	18	-1	-1	-1	-1
17	46	-31.5	12.99	6	17	58	17	42	17	50	19	12	19	22	19	18
17	50	-30	10.393	6	17	58	17	54	17	46	17	40	19	16	19	12
17	56	-27	5.196	6	17	52	17	32	17	36	17	40	17	44	17	48
17	52	-25.5	2.598	6	7	38	7	42	17	28	17	56	17	32	17	48
17	32	-28.5	2.598	6	17	8	17	28	17	26	17	56	17	52	17	36
17	36	-30	5.196	6	17	30	17	26	17	54	17	56	17	32	17	40
17	40	-28.5	7.794	6	17	54	17	50	17	56	17	36	17	44	19	16
17	44	-25.5	7.794	6	8	14	17	56	17	40	17	48	19	20	19	16
17	48	-24	5.197	6	7	42	8	18	8	14	17	56	17	52	17	44
18	58	13.5	33.775	6	18	42	18	46	18	50	18	54	18	34	18	38
18	42	15	36.373	3	18	58	18	46	18	38	-1	-1	-1	-1	-1	-1
18	46	16.5	33.775	4	10	42	18	58	18	42	18	50	-1	-1	-1	-1
18	50	15	31.177	6	10	38	10	42	18	58	18	46	18	54	18	40
18	54	12	31.177	6	18	58	18	50	18	34	18	40	18	36	18	30
18	34	10.5	33.775	5	18	58	18	54	18	38	18	10	18	30	-1	-1
18	38	12	36.374	3	18	58	18	42	18	34	-1	-1	-1	-1	-1	-1
18	56	12	25.981	6	18	40	18	44	18	48	18	52	18	32	18	36
18	40	13.5	28.579	6	10	38	18	50	18	54	18	56	18	44	18	36
18	44	15	25.981	6	10	10	10	34	10	38	18	56	18	40	18	48
18	48	13.5	23.382	6	3	46	10	14	10	10	18	56	18	44	18	52
18	52	10.5	23.383	6	3	42	3	46	18	56	18	48	18	32	18	28
18	32	9	25.981	6	18	56	18	52	18	36	18	8	18	28	18	26
18	36	10.5	28.579	6	18	54	18	56	18	40	18	32	18	30	18	26
18	4	4.5	23.383	6	18	8	18	28	18	24	18	20	18	16	18	12
18	8	6	25.98	6	18	32	18	4	18	28	18	12	18	26	18	22
18	28	7.5	23.383	6	3	42	18	52	18	32	18	4	18	8	18	24
18	24	6	20.785	6	2	44	3	38	3	42	18	4	18	28	18	20
18	20	3	20.784	6	2	50	2	40	2	44	18	4	18	24	18	16
18	16	1.5	23.383	6	2	46	2	50	18	4	18	20	18	12	20	20
18	12	3	25.981	6	18	4	18	8	18	16	18	22	20	20	20	24
18	6	6	31.177	6	18	10	18	30	18	26	18	22	18	18	18	14
18	10	7.5	33.775	4	18	34	18	6	18	30	18	14	-1	-1	-1	-1
18	30	9	31.176	6	18	54	18	34	18	36	18	6	18	10	18	26
18	26	7.5	28.579	6	18	32	18	36	18	8	18	6	18	30	18	22
18	22	4.5	28.579	6	18	8	18	12	18	6	18	26	18	18	20	24
18	18	3	31.177	6	18	6	18	22	18	14	20	28	20	24	20	52
18	14	4.5	33.775	5	18	6	18	10	18	18	20	52	20	48	-1	-1
19	4	-25.5	12.99	6	19	20	19	16	19	12	19	8	19	28	19	24
19	20	-24	10.392	6	8	14	8	10	17	44	19	4	19	16	19	24
19	16	-27	10.392	6	17	50	17	40	17	44	19	4	19	20	19	12
19	12	-28.5	12.99	6	17	46	17	50	19	4	19	16	19	8	19	22
19	8	-27	15.589	6	19	4	19	12	19	28	19	22	19	26	19	32
19	28	-24	15.588	6	8	38	19	4	19	8	19	24	19	52	19	32
19	24	-22.5	12.991	6	8	10	8	34	8	38	19	4	19	20	19	28
19	6	-31.5	18.186	6	19	22	19	18	19	14	19	10	19	30	19	26
19	22	-30	15.588	6	17	46	19	12	19	8	19	6	19	18	19	26
19	18	-33	15.588	5	17	42	17	46	19	6	19	22	19	14	-1	-1
19	14	-34.5	18.187	3	19	6	19	18	19	10	-1	-1	-1	-1	-1	-1
19	10	-33	20.785	4	19	6	19	14	19	30	19	34	-1	-1	-1	-1
19	30	-30	20.784	6	19	6	19	10	19	26	19	54	19	34	19	36
19	26	-28.5	18.187	6	19	8	19	6	19	22	19	30	19	32	19	36
19	58	-30	25.981	6	19	54	19	34	19	38	19	42	19	46	19	50
19	54	-28.5	23.382	6	19	30	19	58	19	34	19	50	19	36	19	40
19	34	-31.5	23.383	5	19	10	19	30	19	58	19	54	19	38	-1	-1
19	38	-33	25.98	3	19	58	19	34	19	42	-1	-1	-1	-1	-1	-1
19	42	-31.5	28.579	3	19	58	19	38	19	46	-1	-1	-1	-1	-1	-1
19	46	-28.5	28.579	3	19	58	19	42	19	50	-1	-1	-1	-1	-1	-1
19	50	-27	25.981	4	19	58	19	54	19	46	19	40	-1	-1	-1	-1
19	56	-24	20.785	6	19	52	19	32	19	36	19	40	19	44	19	48
19	52	-22.5	18.186	6	8	38	8	42	19	28	19	56	19	32	19	48
19	32	-25.5	18.187	6	19	8	19	28	19	26	19	56	19	52	19	36
19	36	-27	20.784	6	19	30	19	26	19	54	19	56	19	32	19	40
19	40	-25.5	23.383	5	19	54	19	50	19	56	19	36	19	44	-1	-1
19	44	-22.5	23.383	4	9	14	19	56	19	40	19	48	-1	-1	-1	-1
19	48	-21	20.785	6	8	42	9	18	9	14	19	56	19	52	19	44
20	4	-1.5	28.579	6	20	20	20	16	20	12	20	8	20	28	20	24
20	20	-0	25.981	6	2	46	18	16	18	12	20	4	20	16	20	24
20	16	-3	25.981	6	2	42	2	46	9	48	20	4	20	20	20	12
20	12	-4.5	28.579	6	9	44	9	48	20	4	20	16	20	8	20	22
20	8	-3	31.177	6	20	4	20	12	20	28	20	22	20	26	20	32
20	28	-0	31.176	6	18	18	20	4	20	8	20	24	20	52	20	32
20	24	1.5	28.579	6	18	12	18	22	18	18	20	4	20	20	20	28
20	6	-7.5	33.775	6	20	22	20	18	20	14	20	10	20	30	20	26
20	22	-6	31.177	6	9	44	20	12	20	8	20	6	20	18	20	26
20	18	-9	31.177	6	9	50	9	40	9	44	20	6	20	22	20	14
20	14	-10.5	33.775	5	9	46	9	50	20	6	20	18	20	10	-1	-1
20	10	-9	36.373	3	20	6	20	14	20	30	-1	-1	-1	-1	-1	-1
20	30	-6	36.373	4	20	6	20	10	20	26	20	36	-1	-1	-1	-1
20	26	-4.5	33.775	6	20	8	20	6	20	22	20	30	20	32	20	36
20	56	0	36.374	6	20	52	20	32	20	36	20	40	20	44	20	48
20	52	1.5	33.775	6	18	18	18	14	20	28	20	56	20	32	20	48
20	32	-1.5	33.775	6	20	8	20	28	20	26	20	56	20	52	20	36
20	36	-3	36.373	5	20	30	20	26	20	56	20	32	20	40	-1	-1
20	40	-1.5	38.971	3	20	56	20	36	20	44	-1	-1	-1	-1	-1	-1
20	44	1.5	38.971	3	20	56	20	40	20	48	-1	-1	-1	-1	-1	-1
20	48	3	36.373	4	18	14	20	56	20	52	20	44	-1	-1	-1	-1
21	6	15	-31.177	6	21	22	21	18	21	14	21	10	21	30	21	26
21	22	16.5	-33.775	3	21	6	21	18	21	26	-1	-1	-1	-1	-1	-1
21	18	13.5	-33.775	4	21	6	21	22	21	14	22	48	-1	-1	-1	-1
21	14	12	-31.177	6	5	20	21	6	21	18	21	10	22	44	22	48
21	10	13.5	-28.578	6	5	20	5	24	21	6	21	14	21	30	21	34
21	30	16.5	-28.579	6	21	6	21	10	21	26	21	54	21	34	21	36
21	26	18	-31.177	5	21	6	21	22	21	30	21	32	21	36	-1	-1
21	58	16.5	-23.382	6	21	54	21	34	21	38	21	42	21	46	21	50
21	54	18	-25.981	6	21	30	21	58	21	34	21	50	21	36	21	40
21	34	15	-25.981	6	5	24	21	10	21	30	21	58	21	54	21	38
21	38	13.5	-23.383	6	5	28	5	24	5	52	21	58	21	34	21	42
21	42	15	-20.785	6	5	52	5	48	13	18	21	58	21	38	21	46
21	46	18	-20.785	6	13	12	13	22	13	18	21	58	21	42	21	50
21	50	19.5	-23.383	6	13	16	13	12	21	58	21	54	21	46	21	40
21	56	22.5	-28.578	6	21	52	21	32	21	36	21	40	21	44	21	48
21	52	24	-31.177	3	21	56	21	32	21	48	-1	-1	-1	-1	-1	-1
21	32	21	-31.177	4	21	26	21	56	21	52	21	36	-1	-1	-1	-1
21	36	19.5	-28.579	6	21	30	21	26	21	54	21	56	21	32	21	40
21	40	21	-25.981	6	13	16	21	54	21	50	21	56	21	36	21	44
21	44	24	-25.981	5	13	20	13	16	21	56	21	40	21	48	-1	-1
21	48	25.5	-28.579	3	21	56	21	52	21	44	-1	-1	-1	-1	-1	-1
22	6	-0	-36.374	6	22	22	22	18	22	14	22	10	22	30	22	26
22	22	1.5	-38.971	3	22	6	22	18	22	26	-1	-1	-1	-1	-1	-1
22	18	-1.5	-38.971	4	14	24	22	6	22	22	22	14	-1	-1	-1	-1
22	14	-3	-36.373	6	14	28	14	24	14	52	22	6	22	18	22	10
22	10	-1.5	-33.775	6	14	52	14	48	22	6	22	14	22	30	22	34
22	30	1.5	-33.775	6	22	6	22	10	22	26	22	54	22	34	22	36
22	26	3	-36.373	5	22	6	22	22	22	30	22	32	22	36	-1	-1
22	58	1.5	-28.579	6	22	54	22	34	22	38	22	42	22	46	22	50
22	54	3	-31.177	6	22	30	22	58	22	34	22	50	22	36	22	40
22	34	0	-31.176	6	14	48	22	10	22	30	22	58	22	54	22	38
22	38	-1.5	-28.579	6	6	20	14	44	14	48	22	58	22	34	22	42
22	42	0	-25.981	6	5	18	6	20	6	24	22	58	22	38	22	46
22	46	3	-25.981	6	5	12	5	22	5	18	22	58	22	42	22	50
22	50	4.5	-28.579	6	5	16	5	12	22	58	22	54	22	46	22	40
22	56	7.5	-33.775	6	22	52	22	32	22	36	22	40	22	44	22	48
22	52	9	-36.373	3	22	56	22	32	22	48	-1	-1	-1	-1	-1	-1
22	32	6	-36.373	4	22	26	22	56	22	52	22	36	-1	-1	-1	-1
22	36	4.5	-33.775	6	22	30	22	26	22	54	22	56	22	32	22	40
22	40	6	-31.177	6	5	16	22	54	22	50	22	56	22	36	22	44
22	44	9	-31.177	6	5	20	5	16	21	14	22	56	22	40	22	48
22	48	10.5	-33.775	5	21	18	21	14	22	56	22	52	22	44	-1	-1
