0	1	6	1	2	3	4	5	6	
1	1	3	0	2	6	-1	-1	-1	
2	1	3	0	1	3	-1	-1	-1	
3	1	4	0	2	4	8	-1	-1	
4	1	6	0	3	5	8	13	23	
5	1	5	0	4	6	22	23	-1	
6	1	3	0	1	5	-1	-1	-1	
7	1	6	8	9	10	11	12	13	
8	1	5	3	4	7	9	13	-1	
9	1	3	7	8	10	-1	-1	-1	
10	1	3	7	9	11	-1	-1	-1	
11	1	4	7	10	12	16	-1	-1	
12	1	6	7	11	13	15	16	24	
13	1	6	4	7	8	12	23	24	
14	1	6	15	16	17	18	19	20	
15	1	6	12	14	16	20	24	25	
16	1	5	11	12	14	15	17	-1	
17	1	3	14	16	18	-1	-1	-1	
18	1	3	14	17	19	-1	-1	-1	
19	1	3	14	18	20	-1	-1	-1	
20	1	4	14	15	19	25	-1	-1	
21	1	6	22	23	24	25	26	27	
22	1	4	5	21	23	27	-1	-1	
23	1	6	4	5	13	21	22	24	
24	1	6	12	13	15	21	23	25	
25	1	5	15	20	21	24	26	-1	
26	1	3	21	25	27	-1	-1	-1	
27	1	3	21	22	26	-1	-1	-1	
28	1	6	29	30	31	32	33	34	
29	1	3	28	30	34	-1	-1	-1	
30	1	3	28	29	31	-1	-1	-1	
31	1	4	28	30	32	36	-1	-1	
32	1	6	28	31	33	36	41	51	
33	1	5	28	32	34	50	51	-1	
34	1	3	28	29	33	-1	-1	-1	
35	1	6	36	37	38	39	40	41	
36	1	5	31	32	35	37	41	-1	
37	1	3	35	36	38	-1	-1	-1	
38	1	3	35	37	39	-1	-1	-1	
39	1	4	35	38	40	44	-1	-1	
40	1	6	35	39	41	43	44	52	
41	1	6	32	35	36	40	51	52	
42	1	6	43	44	45	46	47	48	
43	1	6	40	42	44	48	52	53	
44	1	5	39	40	42	43	45	-1	
45	1	3	42	44	46	-1	-1	-1	
46	1	3	42	45	47	-1	-1	-1	
47	1	3	42	46	48	-1	-1	-1	
48	1	4	42	43	47	53	-1	-1	
49	1	6	50	51	52	53	54	55	
50	1	4	33	49	51	55	-1	-1	
51	1	6	32	33	41	49	50	52	
52	1	6	40	41	43	49	51	53	
53	1	5	43	48	49	52	54	-1	
54	1	3	49	53	55	-1	-1	-1	
55	1	3	49	50	54	-1	-1	-1	
56	1	6	57	58	59	60	61	62	
57	1	3	56	58	62	-1	-1	-1	
58	1	3	56	57	59	-1	-1	-1	
59	1	4	56	58	60	64	-1	-1	
60	1	6	56	59	61	64	69	79	
61	1	5	56	60	62	78	79	-1	
62	1	3	56	57	61	-1	-1	-1	
63	1	6	64	65	66	67	68	69	
64	1	5	59	60	63	65	69	-1	
65	1	3	63	64	66	-1	-1	-1	
66	1	3	63	65	67	-1	-1	-1	
67	1	4	63	66	68	72	-1	-1	
68	1	6	63	67	69	71	72	80	
69	1	6	60	63	64	68	79	80	
70	1	6	71	72	73	74	75	76	
71	1	6	68	70	72	76	80	81	
72	1	5	67	68	70	71	73	-1	
73	1	3	70	72	74	-1	-1	-1	
74	1	3	70	73	75	-1	-1	-1	
75	1	3	70	74	76	-1	-1	-1	
76	1	4	70	71	75	81	-1	-1	
77	1	6	78	79	80	81	82	83	
78	1	4	61	77	79	83	-1	-1	
79	1	6	60	61	69	77	78	80	
80	1	6	68	69	71	77	79	81	
81	1	5	71	76	77	80	82	-1	
82	1	3	77	81	83	-1	-1	-1	
83	1	3	77	78	82	-1	-1	-1	
84	1	6	85	86	87	88	89	90	
85	1	3	84	86	90	-1	-1	-1	
86	1	3	84	85	87	-1	-1	-1	
87	1	4	84	86	88	92	-1	-1	
88	1	6	84	87	89	92	97	107	
89	1	5	84	88	90	106	107	-1	
90	1	3	84	85	89	-1	-1	-1	
91	1	6	92	93	94	95	96	97	
92	1	5	87	88	91	93	97	-1	
93	1	3	91	92	94	-1	-1	-1	
94	1	3	91	93	95	-1	-1	-1	
95	1	4	91	94	96	100	-1	-1	
96	1	6	91	95	97	99	100	108	
97	1	6	88	91	92	96	107	108	
98	1	6	99	100	101	102	103	104	
99	1	6	96	98	100	104	108	109	
100	1	5	95	96	98	99	101	-1	
101	1	3	98	100	102	-1	-1	-1	
102	1	3	98	101	103	-1	-1	-1	
103	1	3	98	102	104	-1	-1	-1	
104	1	4	98	99	103	109	-1	-1	
105	1	6	106	107	108	109	110	111	
106	1	4	89	105	107	111	-1	-1	
107	1	6	88	89	97	105	106	108	
108	1	6	96	97	99	105	107	109	
109	1	5	99	104	105	108	110	-1	
110	1	3	105	109	111	-1	-1	-1	
111	1	3	105	106	110	-1	-1	-1	
112	1	6	113	114	115	116	117	118	
113	1	3	112	114	118	-1	-1	-1	
114	1	3	112	113	115	-1	-1	-1	
115	1	4	112	114	116	120	-1	-1	
116	1	6	112	115	117	120	125	135	
117	1	5	112	116	118	134	135	-1	
118	1	3	112	113	117	-1	-1	-1	
119	1	6	120	121	122	123	124	125	
120	1	5	115	116	119	121	125	-1	
121	1	3	119	120	122	-1	-1	-1	
122	1	3	119	121	123	-1	-1	-1	
123	1	4	119	122	124	128	-1	-1	
124	1	6	119	123	125	127	128	136	
125	1	6	116	119	120	124	135	136	
126	1	6	127	128	129	130	131	132	
127	1	6	124	126	128	132	136	137	
128	1	5	123	124	126	127	129	-1	
129	1	3	126	128	130	-1	-1	-1	
130	1	3	126	129	131	-1	-1	-1	
131	1	3	126	130	132	-1	-1	-1	
132	1	4	126	127	131	137	-1	-1	
133	1	6	134	135	136	137	138	139	
134	1	4	117	133	135	139	-1	-1	
135	1	6	116	117	125	133	134	136	
136	1	6	124	125	127	133	135	137	
137	1	5	127	132	133	136	138	-1	
138	1	3	133	137	139	-1	-1	-1	
139	1	3	133	134	138	-1	-1	-1	
140	1	6	141	142	143	144	145	146	
141	1	3	140	142	146	-1	-1	-1	
142	1	3	140	141	143	-1	-1	-1	
143	1	4	140	142	144	148	-1	-1	
144	1	6	140	143	145	148	153	163	
145	1	5	140	144	146	162	163	-1	
146	1	3	140	141	145	-1	-1	-1	
147	1	6	148	149	150	151	152	153	
148	1	5	143	144	147	149	153	-1	
149	1	3	147	148	150	-1	-1	-1	
150	1	3	147	149	151	-1	-1	-1	
151	1	4	147	150	152	156	-1	-1	
152	1	6	147	151	153	155	156	164	
153	1	6	144	147	148	152	163	164	
154	1	6	155	156	157	158	159	160	
155	1	6	152	154	156	160	164	165	
156	1	5	151	152	154	155	157	-1	
157	1	3	154	156	158	-1	-1	-1	
158	1	3	154	157	159	-1	-1	-1	
159	1	3	154	158	160	-1	-1	-1	
160	1	4	154	155	159	165	-1	-1	
161	1	6	162	163	164	165	166	167	
162	1	4	145	161	163	167	-1	-1	
163	1	6	144	145	153	161	162	164	
164	1	6	152	153	155	161	163	165	
165	1	5	155	160	161	164	166	-1	
166	1	3	161	165	167	-1	-1	-1	
167	1	3	161	162	166	-1	-1	-1	
168	1	6	169	170	171	172	173	174	
169	1	3	168	170	174	-1	-1	-1	
170	1	3	168	169	171	-1	-1	-1	
171	1	4	168	170	172	176	-1	-1	
172	1	6	168	171	173	176	181	191	
173	1	5	168	172	174	190	191	-1	
174	1	3	168	169	173	-1	-1	-1	
175	1	6	176	177	178	179	180	181	
176	1	5	171	172	175	177	181	-1	
177	1	3	175	176	178	-1	-1	-1	
178	1	3	175	177	179	-1	-1	-1	
179	1	4	175	178	180	184	-1	-1	
180	1	6	175	179	181	183	184	192	
181	1	6	172	175	176	180	191	192	
182	1	6	183	184	185	186	187	188	
183	1	6	180	182	184	188	192	193	
184	1	5	179	180	182	183	185	-1	
185	1	3	182	184	186	-1	-1	-1	
186	1	3	182	185	187	-1	-1	-1	
187	1	3	182	186	188	-1	-1	-1	
188	1	4	182	183	187	193	-1	-1	
189	1	6	190	191	192	193	194	195	
190	1	4	173	189	191	195	-1	-1	
191	1	6	172	173	181	189	190	192	
192	1	6	180	181	183	189	191	193	
193	1	5	183	188	189	192	194	-1	
194	1	3	189	193	195	-1	-1	-1	
195	1	3	189	190	194	-1	-1	-1	
196	1	6	197	198	199	200	201	202	
197	1	3	196	198	202	-1	-1	-1	
198	1	3	196	197	199	-1	-1	-1	
199	1	4	196	198	200	204	-1	-1	
200	1	6	196	199	201	204	209	219	
201	1	5	196	200	202	218	219	-1	
202	1	3	196	197	201	-1	-1	-1	
203	1	6	204	205	206	207	208	209	
204	1	5	199	200	203	205	209	-1	
205	1	3	203	204	206	-1	-1	-1	
206	1	3	203	205	207	-1	-1	-1	
207	1	4	203	206	208	212	-1	-1	
208	1	6	203	207	209	211	212	220	
209	1	6	200	203	204	208	219	220	
210	1	6	211	212	213	214	215	216	
211	1	6	208	210	212	216	220	221	
212	1	5	207	208	210	211	213	-1	
213	1	3	210	212	214	-1	-1	-1	
214	1	3	210	213	215	-1	-1	-1	
215	1	3	210	214	216	-1	-1	-1	
216	1	4	210	211	215	221	-1	-1	
217	1	6	218	219	220	221	222	223	
218	1	4	201	217	219	223	-1	-1	
219	1	6	200	201	209	217	218	220	
220	1	6	208	209	211	217	219	221	
221	1	5	211	216	217	220	222	-1	
222	1	3	217	221	223	-1	-1	-1	
223	1	3	217	218	222	-1	-1	-1	
224	1	6	225	226	227	228	229	230	
225	1	3	224	226	230	-1	-1	-1	
226	1	3	224	225	227	-1	-1	-1	
227	1	4	224	226	228	232	-1	-1	
228	1	6	224	227	229	232	237	247	
229	1	5	224	228	230	246	247	-1	
230	1	3	224	225	229	-1	-1	-1	
231	1	6	232	233	234	235	236	237	
232	1	5	227	228	231	233	237	-1	
233	1	3	231	232	234	-1	-1	-1	
234	1	3	231	233	235	-1	-1	-1	
235	0	4	231	234	236	240	-1	-1	
236	1	6	231	235	237	239	240	248	
237	1	6	228	231	232	236	247	248	
238	0	6	239	240	241	242	243	244	
239	0	6	236	238	240	244	248	249	
240	0	5	235	236	238	239	241	-1	
241	0	3	238	240	242	-1	-1	-1	
242	0	3	238	241	243	-1	-1	-1	
243	0	3	238	242	244	-1	-1	-1	
244	0	4	238	239	243	249	-1	-1	
245	1	6	246	247	248	249	250	251	
246	1	4	229	245	247	251	-1	-1	
247	1	6	228	229	237	245	246	248	
248	1	6	236	237	239	245	247	249	
249	1	5	239	244	245	248	250	-1	
250	1	3	245	249	251	-1	-1	-1	
251	1	3	245	246	250	-1	-1	-1	
252	1	6	253	254	255	256	257	258	
253	1	3	252	254	258	-1	-1	-1	
254	1	3	252	253	255	-1	-1	-1	
255	1	4	252	254	256	260	-1	-1	
256	1	6	252	255	257	260	265	275	
257	0	5	252	256	258	274	275	-1	
258	0	3	252	253	257	-1	-1	-1	
259	1	6	260	261	262	263	264	265	
260	1	5	255	256	259	261	265	-1	
261	1	3	259	260	262	-1	-1	-1	
262	1	3	259	261	263	-1	-1	-1	
263	1	4	259	262	264	268	-1	-1	
264	1	6	259	263	265	267	268	276	
265	1	6	256	259	260	264	275	276	
266	0	6	267	268	269	270	271	272	
267	0	6	264	266	268	272	276	277	
268	0	5	263	264	266	267	269	-1	
269	0	3	266	268	270	-1	-1	-1	
270	0	3	266	269	271	-1	-1	-1	
271	0	3	266	270	272	-1	-1	-1	
272	0	4	266	267	271	277	-1	-1	
273	0	6	274	275	276	277	278	279	
274	0	4	257	273	275	279	-1	-1	
275	0	6	256	257	265	273	274	276	
276	0	6	264	265	267	273	275	277	
277	0	5	267	272	273	276	278	-1	
278	0	3	273	277	279	-1	-1	-1	
279	0	3	273	274	278	-1	-1	-1	
280	0	6	281	282	283	284	285	286	
281	0	3	280	282	286	-1	-1	-1	
282	0	3	280	281	283	-1	-1	-1	
283	0	4	280	282	284	288	-1	-1	
284	0	6	280	283	285	288	293	303	
285	0	5	280	284	286	302	303	-1	
286	0	3	280	281	285	-1	-1	-1	
287	0	6	288	289	290	291	292	293	
288	0	5	283	284	287	289	293	-1	
289	1	3	287	288	290	-1	-1	-1	
290	1	3	287	289	291	-1	-1	-1	
291	0	4	287	290	292	296	-1	-1	
292	0	6	287	291	293	295	296	304	
293	0	6	284	287	288	292	303	304	
294	0	6	295	296	297	298	299	300	
295	0	6	292	294	296	300	304	305	
296	0	5	291	292	294	295	297	-1	
297	0	3	294	296	298	-1	-1	-1	
298	0	3	294	297	299	-1	-1	-1	
299	0	3	294	298	300	-1	-1	-1	
300	0	4	294	295	299	305	-1	-1	
301	0	6	302	303	304	305	306	307	
302	0	4	285	301	303	307	-1	-1	
303	0	6	284	285	293	301	302	304	
304	0	6	292	293	295	301	303	305	
305	0	5	295	300	301	304	306	-1	
306	0	3	301	305	307	-1	-1	-1	
307	0	3	301	302	306	-1	-1	-1	
308	1	6	309	310	311	312	313	314	
309	1	3	308	310	314	-1	-1	-1	
310	1	3	308	309	311	-1	-1	-1	
311	1	4	308	310	312	316	-1	-1	
312	1	6	308	311	313	316	321	331	
313	1	5	308	312	314	330	331	-1	
314	1	3	308	309	313	-1	-1	-1	
315	1	6	316	317	318	319	320	321	
316	1	5	311	312	315	317	321	-1	
317	1	3	315	316	318	-1	-1	-1	
318	1	3	315	317	319	-1	-1	-1	
319	1	4	315	318	320	324	-1	-1	
320	1	6	315	319	321	323	324	332	
321	1	6	312	315	316	320	331	332	
322	1	6	323	324	325	326	327	328	
323	1	6	320	322	324	328	332	333	
324	1	5	319	320	322	323	325	-1	
325	1	3	322	324	326	-1	-1	-1	
326	1	3	322	325	327	-1	-1	-1	
327	1	3	322	326	328	-1	-1	-1	
328	1	4	322	323	327	333	-1	-1	
329	1	6	330	331	332	333	334	335	
330	1	4	313	329	331	335	-1	-1	
331	1	6	312	313	321	329	330	332	
332	1	6	320	321	323	329	331	333	
333	1	5	323	328	329	332	334	-1	
334	1	3	329	333	335	-1	-1	-1	
335	0	3	329	330	334	-1	-1	-1	
336	0	6	337	338	339	340	341	342	
337	0	3	336	338	342	-1	-1	-1	
338	0	3	336	337	339	-1	-1	-1	
339	1	4	336	338	340	344	-1	-1	
340	1	6	336	339	341	344	349	359	
341	0	5	336	340	342	358	359	-1	
342	0	3	336	337	341	-1	-1	-1	
343	1	6	344	345	346	347	348	349	
344	1	5	339	340	343	345	349	-1	
345	1	3	343	344	346	-1	-1	-1	
346	1	3	343	345	347	-1	-1	-1	
347	1	4	343	346	348	352	-1	-1	
348	1	6	343	347	349	351	352	360	
349	1	6	340	343	344	348	359	360	
350	1	6	351	352	353	354	355	356	
351	1	6	348	350	352	356	360	361	
352	1	5	347	348	350	351	353	-1	
353	1	3	350	352	354	-1	-1	-1	
354	1	3	350	353	355	-1	-1	-1	
355	1	3	350	354	356	-1	-1	-1	
356	1	4	350	351	355	361	-1	-1	
357	1	6	358	359	360	361	362	363	
358	0	4	341	357	359	363	-1	-1	
359	1	6	340	341	349	357	358	360	
360	1	6	348	349	351	357	359	361	
361	1	5	351	356	357	360	362	-1	
362	1	3	357	361	363	-1	-1	-1	
363	0	3	357	358	362	-1	-1	-1	
364	0	6	365	366	367	368	369	370	
365	0	3	364	366	370	-1	-1	-1	
366	0	3	364	365	367	-1	-1	-1	
367	0	4	364	366	368	372	-1	-1	
368	0	6	364	367	369	372	377	387	
369	0	5	364	368	370	386	387	-1	
370	0	3	364	365	369	-1	-1	-1	
371	0	6	372	373	374	375	376	377	
372	0	5	367	368	371	373	377	-1	
373	0	3	371	372	374	-1	-1	-1	
374	0	3	371	373	375	-1	-1	-1	
375	0	4	371	374	376	380	-1	-1	
376	0	6	371	375	377	379	380	388	
377	0	6	368	371	372	376	387	388	
378	1	6	379	380	381	382	383	384	
379	1	6	376	378	380	384	388	389	
380	0	5	375	376	378	379	381	-1	
381	1	3	378	380	382	-1	-1	-1	
382	1	3	378	381	383	-1	-1	-1	
383	1	3	378	382	384	-1	-1	-1	
384	1	4	378	379	383	389	-1	-1	
385	0	6	386	387	388	389	390	391	
386	0	4	369	385	387	391	-1	-1	
387	0	6	368	369	377	385	386	388	
388	0	6	376	377	379	385	387	389	
389	1	5	379	384	385	388	390	-1	
390	1	3	385	389	391	-1	-1	-1	
391	0	3	385	386	390	-1	-1	-1	
392	0	6	393	394	395	396	397	398	
393	0	3	392	394	398	-1	-1	-1	
394	0	3	392	393	395	-1	-1	-1	
395	0	4	392	394	396	400	-1	-1	
396	0	6	392	395	397	400	405	415	
397	0	5	392	396	398	414	415	-1	
398	0	3	392	393	397	-1	-1	-1	
399	0	6	400	401	402	403	404	405	
400	0	5	395	396	399	401	405	-1	
401	0	3	399	400	402	-1	-1	-1	
402	0	3	399	401	403	-1	-1	-1	
403	0	4	399	402	404	408	-1	-1	
404	0	6	399	403	405	407	408	416	
405	0	6	396	399	400	404	415	416	
406	1	6	407	408	409	410	411	412	
407	1	6	404	406	408	412	416	417	
408	0	5	403	404	406	407	409	-1	
409	0	3	406	408	410	-1	-1	-1	
410	1	3	406	409	411	-1	-1	-1	
411	1	3	406	410	412	-1	-1	-1	
412	1	4	406	407	411	417	-1	-1	
413	1	6	414	415	416	417	418	419	
414	1	4	397	413	415	419	-1	-1	
415	1	6	396	397	405	413	414	416	
416	1	6	404	405	407	413	415	417	
417	1	5	407	412	413	416	418	-1	
418	1	3	413	417	419	-1	-1	-1	
419	1	3	413	414	418	-1	-1	-1	
420	0	6	421	422	423	424	425	426	
421	0	3	420	422	426	-1	-1	-1	
422	0	3	420	421	423	-1	-1	-1	
423	0	4	420	422	424	428	-1	-1	
424	0	6	420	423	425	428	433	443	
425	0	5	420	424	426	442	443	-1	
426	0	3	420	421	425	-1	-1	-1	
427	0	6	428	429	430	431	432	433	
428	0	5	423	424	427	429	433	-1	
429	0	3	427	428	430	-1	-1	-1	
430	0	3	427	429	431	-1	-1	-1	
431	0	4	427	430	432	436	-1	-1	
432	0	6	427	431	433	435	436	444	
433	0	6	424	427	428	432	443	444	
434	0	6	435	436	437	438	439	440	
435	0	6	432	434	436	440	444	445	
436	0	5	431	432	434	435	437	-1	
437	0	3	434	436	438	-1	-1	-1	
438	0	3	434	437	439	-1	-1	-1	
439	0	3	434	438	440	-1	-1	-1	
440	0	4	434	435	439	445	-1	-1	
441	0	6	442	443	444	445	446	447	
442	0	4	425	441	443	447	-1	-1	
443	0	6	424	425	433	441	442	444	
444	0	6	432	433	435	441	443	445	
445	0	5	435	440	441	444	446	-1	
446	1	3	441	445	447	-1	-1	-1	
447	1	3	441	442	446	-1	-1	-1	
448	1	6	449	450	451	452	453	454	
449	1	3	448	450	454	-1	-1	-1	
450	1	3	448	449	451	-1	-1	-1	
451	0	4	448	450	452	456	-1	-1	
452	1	6	448	451	453	456	461	471	
453	1	5	448	452	454	470	471	-1	
454	1	3	448	449	453	-1	-1	-1	
455	0	6	456	457	458	459	460	461	
456	0	5	451	452	455	457	461	-1	
457	0	3	455	456	458	-1	-1	-1	
458	0	3	455	457	459	-1	-1	-1	
459	0	4	455	458	460	464	-1	-1	
460	0	6	455	459	461	463	464	472	
461	0	6	452	455	456	460	471	472	
462	0	6	463	464	465	466	467	468	
463	0	6	460	462	464	468	472	473	
464	0	5	459	460	462	463	465	-1	
465	0	3	462	464	466	-1	-1	-1	
466	0	3	462	465	467	-1	-1	-1	
467	0	3	462	466	468	-1	-1	-1	
468	0	4	462	463	467	473	-1	-1	
469	1	6	470	471	472	473	474	475	
470	1	4	453	469	471	475	-1	-1	
471	1	6	452	453	461	469	470	472	
472	1	6	460	461	463	469	471	473	
473	1	5	463	468	469	472	474	-1	
474	1	3	469	473	475	-1	-1	-1	
475	1	3	469	470	474	-1	-1	-1	
476	1	6	477	478	479	480	481	482	
477	1	3	476	478	482	-1	-1	-1	
478	1	3	476	477	479	-1	-1	-1	
479	1	4	476	478	480	484	-1	-1	
480	1	6	476	479	481	484	489	499	
481	1	5	476	480	482	498	499	-1	
482	1	3	476	477	481	-1	-1	-1	
483	0	6	484	485	486	487	488	489	
484	1	5	479	480	483	485	489	-1	
485	0	3	483	484	486	-1	-1	-1	
486	0	3	483	485	487	-1	-1	-1	
487	0	4	483	486	488	492	-1	-1	
488	0	6	483	487	489	491	492	500	
489	1	6	480	483	484	488	499	500	
490	0	6	491	492	493	494	495	496	
491	0	6	488	490	492	496	500	501	
492	0	5	487	488	490	491	493	-1	
493	0	3	490	492	494	-1	-1	-1	
494	0	3	490	493	495	-1	-1	-1	
495	0	3	490	494	496	-1	-1	-1	
496	0	4	490	491	495	501	-1	-1	
497	1	6	498	499	500	501	502	503	
498	1	4	481	497	499	503	-1	-1	
499	1	6	480	481	489	497	498	500	
500	1	6	488	489	491	497	499	501	
501	0	5	491	496	497	500	502	-1	
502	1	3	497	501	503	-1	-1	-1	
503	1	3	497	498	502	-1	-1	-1	
504	1	6	505	506	507	508	509	510	
505	1	3	504	506	510	-1	-1	-1	
506	1	3	504	505	507	-1	-1	-1	
507	0	4	504	506	508	512	-1	-1	
508	0	6	504	507	509	512	517	527	
509	1	5	504	508	510	526	527	-1	
510	1	3	504	505	509	-1	-1	-1	
511	0	6	512	513	514	515	516	517	
512	0	5	507	508	511	513	517	-1	
513	0	3	511	512	514	-1	-1	-1	
514	0	3	511	513	515	-1	-1	-1	
515	0	4	511	514	516	520	-1	-1	
516	0	6	511	515	517	519	520	528	
517	0	6	508	511	512	516	527	528	
518	0	6	519	520	521	522	523	524	
519	0	6	516	518	520	524	528	529	
520	0	5	515	516	518	519	521	-1	
521	0	3	518	520	522	-1	-1	-1	
522	0	3	518	521	523	-1	-1	-1	
523	0	3	518	522	524	-1	-1	-1	
524	0	4	518	519	523	529	-1	-1	
525	0	6	526	527	528	529	530	531	
526	1	4	509	525	527	531	-1	-1	
527	0	6	508	509	517	525	526	528	
528	0	6	516	517	519	525	527	529	
529	0	5	519	524	525	528	530	-1	
530	0	3	525	529	531	-1	-1	-1	
531	1	3	525	526	530	-1	-1	-1	
532	1	6	533	534	535	536	537	538	
533	1	3	532	534	538	-1	-1	-1	
534	1	3	532	533	535	-1	-1	-1	
535	1	4	532	534	536	540	-1	-1	
536	0	6	532	535	537	540	545	548	
537	0	5	532	536	538	547	548	-1	
538	1	3	532	533	537	-1	-1	-1	
539	0	6	540	541	542	543	544	545	
540	0	5	535	536	539	541	545	-1	
541	0	3	539	540	542	-1	-1	-1	
542	0	3	539	541	543	-1	-1	-1	
543	0	3	539	542	544	-1	-1	-1	
544	0	4	539	543	545	549	-1	-1	
545	0	6	536	539	540	544	548	549	
546	0	6	547	548	549	550	551	552	
547	0	4	537	546	548	552	-1	-1	
548	0	6	536	537	545	546	547	549	
549	0	5	544	545	546	548	550	-1	
550	0	3	546	549	551	-1	-1	-1	
551	0	3	546	550	552	-1	-1	-1	
552	0	3	546	547	551	-1	-1	-1	
553	0	6	554	555	556	557	558	559	
554	0	3	553	555	559	-1	-1	-1	
555	0	3	553	554	556	-1	-1	-1	
556	0	3	553	555	557	-1	-1	-1	
557	0	4	553	556	558	562	-1	-1	
558	0	6	553	557	559	561	562	570	
559	0	5	553	554	558	569	570	-1	
560	1	6	561	562	563	564	565	566	
561	0	6	558	560	562	566	570	571	
562	1	5	557	558	560	561	563	-1	
563	1	3	560	562	564	-1	-1	-1	
564	1	3	560	563	565	-1	-1	-1	
565	1	3	560	564	566	-1	-1	-1	
566	1	4	560	561	565	571	-1	-1	
567	0	6	568	569	570	571	572	573	
568	0	3	567	569	573	-1	-1	-1	
569	0	4	559	567	568	570	-1	-1	
570	0	6	558	559	561	567	569	571	
571	0	5	561	566	567	570	572	-1	
572	0	3	567	571	573	-1	-1	-1	
573	0	3	567	568	572	-1	-1	-1	
574	0	6	575	576	577	578	579	580	
575	0	3	574	576	580	-1	-1	-1	
576	0	3	574	575	577	-1	-1	-1	
577	0	3	574	576	578	-1	-1	-1	
578	0	4	574	577	579	583	-1	-1	
579	0	6	574	578	580	582	583	591	
580	0	5	574	575	579	590	591	-1	
581	1	6	582	583	584	585	586	587	
582	0	6	579	581	583	587	591	592	
583	0	5	578	579	581	582	584	-1	
584	1	3	581	583	585	-1	-1	-1	
585	1	3	581	584	586	-1	-1	-1	
586	1	3	581	585	587	-1	-1	-1	
587	1	4	581	582	586	592	-1	-1	
588	0	6	589	590	591	592	593	594	
589	0	3	588	590	594	-1	-1	-1	
590	0	4	580	588	589	591	-1	-1	
591	0	6	579	580	582	588	590	592	
592	0	5	582	587	588	591	593	-1	
593	0	3	588	592	594	-1	-1	-1	
594	0	3	588	589	593	-1	-1	-1	
